   7682 0,-1,-1,-1
   4352 0,1,1,1
    732 0,-1,-1,1
    528 0,1,-1,-1
    435 0,-1,1,1
    348 0,3,-1,-1
    336 0,2,-1,-1
    330 0,1,1,-1
    276 0,3,-3,3
    271 0,-1,-1,3
    219 0,-2,1,1
    203 0,-3,1,1
    180 0,-1,3,-1
    155 0,3,-3,1
    151 0,-1,2,-1
    144 0,1,-1,1
    138 0,-1,1,-1
    135 0,-2,-1,-1
    135 0,1,1,-3
    129 0,-1,-1,2
    120 0,1,1,-2
    119 0,1,-3,1
    117 0,1,1,2
    112 0,-3,3,-1
     96 0,1,2,-1
     85 0,-3,3,-3
     76 0,-1,1,-2
     75 0,3,-2,-2
     75 0,2,-3,2
     75 0,1,-2,1
     75 0,-1,-2,1
     63 0,-2,-2,-2
     63 0,1,-1,3
     60 0,3,-2,-1
     60 0,-3,2,-1
     60 0,3,-1,-3
     60 0,-2,-1,1
     60 0,1,-3,3
     60 0,-1,-3,3
     60 0,-1,-1,-2
     56 0,3,1,1
     54 0,1,3,-1
     53 0,1,1,3
     45 0,-2,3,-1
     45 0,2,-2,-1
     45 0,-1,-2,3
     45 0,1,2,1
     45 0,1,-2,-1
     45 0,-1,-2,-1
     45 0,-1,1,2
     37 0,3,-1,-2
     36 0,-2,2,-2
     35 0,-1,3,-3
     34 0,2,-3,3
     30 0,3,1,-1
     30 0,3,-1,1
     30 0,-2,-2,3
     30 0,-2,2,-1
     30 0,2,1,3
     30 0,-2,-1,3
     30 0,2,-1,2
     30 0,-2,1,-2
     30 0,2,1,-1
     30 0,1,-2,3
     30 0,1,2,-2
     30 0,-1,-2,2
     30 0,-1,-2,-2
     30 0,-1,1,3
     30 0,-1,-1,-3
     27 0,2,1,1
     26 0,-2,2,1
     18 0,3,-3,2
     16 0,1,-3,2
     15 0,3,3,-2
     15 0,3,-3,-2
     15 0,-3,3,-2
     15 0,3,-3,-1
     15 0,3,2,2
     15 0,-3,2,2
     15 0,-3,-2,-2
     15 0,3,2,-1
     15 0,-3,-1,3
     15 0,3,1,2
     15 0,3,1,-2
     15 0,-3,-1,-1
     15 0,2,3,-3
     15 0,-2,3,-3
     15 0,-2,-3,2
     15 0,2,-3,1
     15 0,2,2,3
     15 0,2,-2,3
     15 0,2,-2,-3
     15 0,-2,2,3
     15 0,-2,2,-3
     15 0,2,2,2
     15 0,2,-2,2
     15 0,2,2,-1
     15 0,2,-1,3
     15 0,2,-1,-3
     15 0,-2,1,-3
     15 0,2,1,-2
     15 0,2,-1,-2
     15 0,-2,-1,-2
     15 0,1,-3,-2
     15 0,-1,-3,2
     15 0,-1,-3,1
     15 0,-1,2,-3
     15 0,1,-2,-2
     15 0,-1,2,2
     15 0,1,-1,-3
     15 0,-1,1,-3
     15 0,1,-1,2
     15 0,1,-1,-2
     14 0,-3,1,3
     13 0,-1,3,-2
     10 0,-3,3,2
      8 0,3,-3,-3
      6 0,-3,1,-2
      4 0,3,3,-3
      2 0,-2,-2,-1
      1 0,-3,2,1
