  62356 0,-1,-1,-1
  40944 0,1,1,1
   9092 0,1,-1,-1
   6932 0,1,1,-1
   6571 0,-1,-1,1
   6078 0,-1,1,1
   4787 0,1,1,-2
   4452 0,-1,-2,-1
   4304 0,3,-3,3
   2791 0,-3,3,-3
   2700 0,1,-2,1
   2394 0,-1,-1,-2
   2357 0,2,-1,-1
   2225 0,1,-1,-2
   1956 0,1,-1,1
   1927 0,-2,1,-2
   1712 0,-1,-2,2
   1685 0,-2,-1,1
   1667 0,3,-1,-1
   1631 0,-1,1,-1
   1623 0,-2,1,1
   1154 0,-2,2,-2
   1152 0,-2,-2,3
   1139 0,2,-2,2
   1121 0,-2,-2,2
   1089 0,-1,-1,2
   1083 0,2,-2,-1
   1013 0,-1,1,-2
    979 0,-2,3,-2
    950 0,-2,-1,-2
    939 0,-2,-1,-1
    937 0,-2,2,-1
    911 0,2,-1,-2
    855 0,-1,1,2
    847 0,-2,3,-3
    841 0,3,-1,1
    822 0,3,-1,-2
    779 0,-1,-2,1
    752 0,1,2,1
    679 0,1,1,-3
    678 0,-1,-2,-2
    648 0,-2,1,-1
    638 0,3,1,1
    634 0,1,-2,-2
    629 0,2,-2,-2
    624 0,-2,2,2
    622 0,-1,2,-1
    619 0,2,1,-1
    618 0,-1,-2,3
    598 0,-2,2,1
    593 0,2,2,-2
    588 0,2,-3,2
    573 0,2,-3,3
    561 0,-1,-1,3
    559 0,2,1,1
    548 0,-3,3,-1
    480 0,-3,3,2
    470 0,3,-3,-2
    467 0,1,-2,-1
    465 0,-3,2,2
    452 0,-2,-2,1
    446 0,1,1,2
    437 0,3,-2,-1
    406 0,-3,3,-2
    386 0,3,-2,-2
    384 0,2,-2,3
    347 0,3,-3,1
    345 0,2,-1,2
    340 0,-2,3,-1
    338 0,3,-3,2
    336 0,1,2,-2
    332 0,2,-2,1
    330 0,-2,2,-3
    327 0,1,-1,3
    323 0,1,-3,3
    311 0,1,2,-3
    307 0,3,1,-1
    301 0,2,3,-3
    300 0,2,2,-1
    299 0,-3,1,-1
    288 0,-2,-1,3
    274 0,2,2,3
    267 0,3,2,-2
    255 0,-3,1,1
    255 0,-1,-3,3
    247 0,-3,2,-2
    244 0,-1,-1,-3
    242 0,-1,1,-3
    235 0,-3,3,1
    230 0,1,2,-1
    229 0,-1,3,-3
    212 0,2,2,1
    207 0,-2,-3,3
    198 0,-2,2,3
    197 0,1,1,3
    191 0,2,2,-3
    190 0,-3,1,2
    186 0,1,-1,2
    181 0,-1,-3,2
    169 0,3,2,-1
    167 0,2,-1,1
    158 0,2,-3,1
    158 0,-1,3,-1
    157 0,1,-2,3
    156 0,3,-2,2
    149 0,-1,2,-2
    146 0,-3,2,-1
    143 0,1,-2,2
    135 0,-2,-2,-1
    134 0,-2,-2,-2
    133 0,3,-3,-1
    132 0,2,3,-1
    132 0,-1,1,3
    130 0,-3,-2,2
    128 0,1,-3,1
    127 0,1,-1,-3
    118 0,3,2,2
    117 0,1,-3,2
    116 0,-3,2,1
    111 0,-2,1,2
    111 0,-1,2,-3
    107 0,-3,-2,-2
    107 0,-1,3,-2
     95 0,3,-1,-3
     93 0,1,3,-1
     91 0,-3,2,3
     85 0,-2,-1,2
     84 0,2,1,-3
     77 0,2,1,2
     77 0,1,2,2
     73 0,-1,2,2
     72 0,2,1,-2
     69 0,2,2,2
     67 0,3,-2,3
     66 0,-1,-3,1
     65 0,2,3,2
     63 0,3,-2,1
     62 0,1,3,-3
     61 0,2,-2,-3
     60 0,-3,-1,-1
     59 0,-3,-1,1
     56 0,-2,3,1
     55 0,3,-2,-3
     49 0,-3,3,3
     48 0,-3,2,-3
     47 0,-3,1,-2
     47 0,2,-1,-3
     47 0,-1,2,3
     46 0,-3,-2,3
     45 0,2,-3,-2
     45 0,-1,3,1
     37 0,-3,1,3
     36 0,-3,-2,1
     36 0,3,-1,2
     35 0,3,2,-3
     35 0,3,1,-2
     33 0,-3,-1,3
     30 0,1,-3,-1
     28 0,-2,1,-3
     28 0,-2,-1,-3
     28 0,-1,2,1
     27 0,2,3,-2
     27 0,1,-3,-2
     26 0,1,3,-2
     25 0,-3,-2,-1
     25 0,-2,-2,-3
     24 0,3,3,-3
     24 0,3,1,-3
     24 0,2,-3,-1
     23 0,1,-2,-3
     22 0,3,2,1
     21 0,-3,-3,3
     21 0,-2,-3,1
     20 0,-3,1,-3
     20 0,-2,-3,-2
     20 0,-1,-2,-3
     19 0,-1,3,2
     16 0,3,-3,-3
     14 0,3,1,2
     14 0,2,-1,3
     13 0,3,3,-1
     11 0,1,3,1
     10 0,-2,3,2
     10 0,2,3,1
      9 0,3,3,-2
      9 0,-2,-3,2
      9 0,1,2,3
      8 0,-3,-1,-2
      8 0,-2,1,3
      8 0,-1,-3,-1
      7 0,2,1,3
      5 0,3,1,3
      5 0,-3,-1,2
      5 0,-2,-3,-1
      5 0,-1,-3,-2
      3 0,3,-1,3
      3 0,2,-3,-3
      3 0,-2,3,3
      2 0,3,3,3
      2 0,3,3,1
      2 0,-3,-3,-1
      2 0,3,2,3
      2 0,-2,-3,-3
      2 0,1,-3,-3
      2 0,-1,3,3
      1 0,-3,-3,-3
      1 0,3,3,2
      1 0,-3,-3,2
      1 0,1,3,3
      1 0,-1,-3,-3
